129.10263396911898,-80.00726612170754,8454.0,67.0,6.5,-7.273387829246141,1725070516.7233615
178.86348384532016,-108.74032777885574,12679.0,84.0,9.25,-15.284470967955663,1725070516.7294743
219.4635310788255,-129.51368633047736,14797.5,94.5,11.625,-19.46002601719479,1725070516.7355442
238.11891579955451,-141.77244933160688,15860.75,109.25,11.8125,-23.3889874844938,1725070516.7416484
263.1995297804853,-152.4343045568204,16408.375,113.625,22.90625,-26.01368431128629,1725070516.7484958
278.9777239944005,-162.47386433146966,16656.1875,112.3125,15.953125,-27.175174480262843,1725070516.7544115
292.1240271940886,-170.70653139619924,16810.09375,139.15625,33.4765625,-27.5050822167296,1725070516.7614818
298.8761181310542,-175.104181191933,16905.046875,131.078125,-110.26171875,-28.823564257988465,1725070516.7672348
304.8387672024732,-178.2447330256521,16912.5234375,119.0390625,-54.130859375,-30.22780156279515,1725070516.7731967
311.7401448911717,-179.63291567239543,16894.26171875,141.51953125,-22.0654296875,-32.54574773969063,1725070516.7791831
314.3837645278704,-180.47067660037519,16999.130859375,111.759765625,-131.03271484375,-33.535893268721445,1725070516.7849486
320.40994628790276,-181.94440766594101,16895.5654296875,115.8798828125,-43.516357421875,-33.17784896137742,1725070516.790895
321.6354016135856,-184.01935710186612,17021.78271484375,139.43994140625,-27.7581787109375,-33.4028172882523,1725070516.7968667
326.6061066392053,-184.91552780654445,17070.891357421875,121.219970703125,-1.87908935546875,-33.20879303512226,1725070516.8026114
327.7930188132704,-183.9931207719627,16991.445678710938,121.1099853515625,126.56045532226562,-32.26988411392562,1725070516.8085806
330.39425304353233,-184.4162522295949,16821.72283935547,122.05499267578125,51.28022766113281,-31.429807929072016,1725070516.8145106
332.84737768054,-185.60092096577492,16866.861419677734,123.02749633789062,47.640113830566406,-30.17081226448079,1725070516.8202536
331.2759051895961,-186.44831537475875,16895.430709838867,124.01374816894531,17.820056915283203,-30.258061425195585,1725070516.8261724
334.796603232814,-186.90278906528073,16885.715354919434,136.50687408447266,26.9100284576416,-30.582907378939097,1725070516.832265
336.4278254789611,-187.95021692434383,16906.857677459717,139.25343704223633,22.4550142288208,-30.79793012389604,1725070516.8380866
339.4916744297761,-190.38376240471797,16909.42883872986,139.12671852111816,25.7275071144104,-30.953130881885173,1725070516.843984
341.08549704022033,-190.38303327083716,16968.71441936493,142.56335926055908,28.3637535572052,-31.025012276648017,1725070516.8503437
342.3313743972118,-191.6266836338327,17006.357209682465,117.28167963027954,10.6818767786026,-31.638811419198152,1725070516.8562222
342.3918855304123,-191.04298813864804,16949.178604841232,116.14083981513977,30.3409383893013,-31.64206756736631,1725070516.8621533
339.6029169537432,-189.66883727059957,16898.589302420616,122.07041990756989,17.17046919465065,-32.14309170634956,1725070516.868177
340.0971087215102,-190.1239081463071,16913.294651210308,114.53520995378494,-114.41476540267467,-33.70900913070267,1725070516.8740232
341.4675158298938,-189.65105615256857,16888.647325605154,103.26760497689247,-65.70738270133734,-33.0849007394638,1725070516.8798976
341.82383625728335,-190.5088224655775,16946.323662802577,115.63380248844624,-19.85369135066867,-32.08030375673245,1725070516.886017
344.38618702812573,-193.07332024307843,16873.16183140129,110.31690124422312,1.5731543246656656,-32.05368917604115,1725070516.8918846
343.230216622169,-194.94511335813166,16862.580915700644,117.15845062211156,3.286577162332833,-31.65664716873476,1725070516.897624
343.8910480250845,-194.88587255060878,16859.290457850322,107.07922531105578,12.143288581166416,-33.499700495921694,1725070516.9036503
342.6676340254153,-194.3395603523537,16897.64522892516,119.53961265552789,3.071644290583208,-34.73825176882048,1725070516.9095576
346.9478611830559,-191.31003779288446,16904.82261446258,121.76980632776394,20.535822145291604,-35.16746219188517,1725070516.9153228
348.74230480030695,-188.44785447912867,17004.41130723129,112.38490316388197,136.7679110726458,-35.01980791150176,1725070516.9213998
347.6121783333704,-187.5136269505575,17000.205653615645,120.69245158194099,63.8839555363229,-35.14271294742145,1725070516.9274204
349.2156014901103,-185.01836037056756,16940.102826807823,125.8462257909705,31.94197776816145,-37.525655741356445,1725070516.9331765
347.40646027491346,-182.8889571176498,16952.05141340391,114.92311289548525,3.4709888840807253,-39.57835448053833,1725070516.939085
348.52096308127693,-183.692806057975,16946.025706701956,124.46155644774262,11.235494442040363,-41.193375872990735,1725070516.945177
345.76326537071645,-183.11895652193203,17041.012853350978,132.2307782238713,-2.3822527789798187,-44.81842220812188,1725070516.9509435
343.09928480237147,-183.6628502823365,16958.50642667549,128.11538911193566,-1.1911263894899093,-45.229290100289866,1725070516.9568446
341.175672027426,-182.7827757300231,16979.253213337746,134.05769455596783,-9.095563194744955,-45.78494950875236,1725070516.9628868
339.8688783140642,-184.15562896878026,16951.626606668873,133.5288472779839,-9.047781597372477,-45.47552750206668,1725070516.9686508
340.42588779122894,-188.19507459002713,16975.813303334435,125.76442363899196,-1.0238907986862387,-47.02582765666835,1725070516.9744215
339.8963727139809,-205.04762092470298,16935.906651667217,121.38221181949598,-12.01194539934312,-47.34531778090618,1725070516.980403
340.80354252441407,-211.09943601516545,16893.95332583361,111.69110590974799,1.4940273003284403,-46.42678419650502,1725070516.9863918
343.2689100120632,-212.92869763699093,16906.976662916804,112.845552954874,-126.25298634983578,-45.42006338780284,1725070516.992148
343.84819902335755,-213.14124860861438,16951.4883314584,114.922776477437,-49.12649317491789,-45.18248278469857,1725070516.998281
343.7369462194607,-209.7581440000362,16899.7441657292,122.9613882387185,-6.563246587458945,-45.20902453217083,1725070517.0042067
343.12831111244276,-206.05094198133503,16877.8720828646,126.98069411935924,-2.7816232937294725,-46.25758403222166,1725070517.0099525
342.7041466283458,-203.1345563246199,16840.936041432302,132.4903470596796,1.1091883531352638,-45.10244782117229,1725070517.016038
344.8570565639192,-199.57310133754893,16906.46802071615,123.2451735298398,11.554594176567631,-44.860358614896185,1725070517.022054
346.36111159314794,-197.22105920459745,16909.234010358075,99.1225867649199,28.777297088283817,-45.18556203887333,1725070517.0278316
344.8364278297672,-197.43066436640086,16884.61700517904,105.06129338245995,139.38864854414192,-47.416723729711265,1725070517.0340676
340.111413957652,-197.07693163595047,16864.30850258952,110.53064669122998,-58.30567572792904,-46.789156814145144,1725070517.0401027
340.4417004829373,-195.34361687031048,16992.15425129476,134.765323345615,96.84716213603548,-45.80179237395297,1725070517.0458572
340.760379303859,-194.4003728220781,17018.07712564738,124.8826616728075,31.42358106801774,-45.17424833740322,1725070517.0517945
342.9611909027881,-192.90817568222934,16959.03856282369,115.94133083640375,23.21179053400887,-43.59782203640791,1725070517.0577984
340.7720145109341,-192.18985827594963,16949.519281411845,108.97066541820188,12.105895267004435,-41.2390035056093,1725070517.0635595
340.50584605794,-189.95330797271106,16928.759640705925,96.98533270910093,22.052947633502217,-38.305458646413086,1725070517.0695643
344.356660033292,-189.79976918837653,16916.379820352962,99.49266635455047,20.026473816751107,-36.48805952324474,1725070517.0756521
344.5599280392461,-189.644700387212,16946.18991017648,105.24633317727523,-116.98676309162445,-34.64376728103751,1725070517.0814936
345.76677087262516,-190.25732086027094,16873.09495508824,115.62316658863762,-49.99338154581223,-33.493346108886165,1725070517.0872881
340.33097156638723,-192.3296399416015,16904.547477544118,105.81158329431881,-40.49669077290611,-33.99577019932662,1725070517.0933852
339.9486351873198,-195.72481656813628,16916.27373877206,111.4057916471594,-141.24834538645305,-33.462282709928445,1725070517.099251
339.39759371674626,-195.75200198061464,16886.136869386028,111.2028958235797,-79.12417269322653,-34.10261692886135,1725070517.1050632
340.12818711213566,-195.96634768105645,16841.068434693014,112.10144791178985,-19.562086346613263,-34.86307348168678,1725070517.1111465
341.5941403652548,-196.63567753397254,16888.534217346507,117.55072395589492,-133.78104317330664,-37.021023976974185,1725070517.1171162
341.42056928153244,-196.14727141234945,16880.26710867325,112.77536197794745,-61.39052158665332,-40.08911462535885,1725070517.1228678
340.13297188235964,-196.29979419582702,16982.133554336626,105.88768098897373,-13.69526079332666,-44.04137277154954,1725070517.128862
337.83183880400514,-197.68629341859278,16987.066777168315,100.44384049448686,-2.8476303966633303,-45.44705350282291,1725070517.1349528
339.5573451385715,-200.70664449275006,16965.533388584157,113.72192024724343,9.576184801668335,-43.77877157099157,1725070517.14071
339.2175820567758,-204.13230506157825,16966.766694292077,104.36096012362171,128.28809240083416,-41.98812533307157,1725070517.1466537
338.53032422072937,-203.77340898323652,17045.38334714604,101.68048006181085,60.14404620041708,-41.03584729511868,1725070517.1527452
339.43078446135195,-204.00230818664056,16982.69167357302,106.34024003090542,33.57202310020854,-40.31792110585664,1725070517.158822
334.728510646015,-203.3447611136699,16925.34583678651,123.67012001545271,-0.7139884498957301,-41.07192059744188,1725070517.1646326
331.90050126283825,-203.6491768071295,16908.672918393255,121.33506000772636,17.643005775052135,-41.50476245884722,1725070517.1707673
332.5282355041392,-203.04259219550133,16918.336459196627,117.66753000386318,6.8215028875260675,-41.91440098746129,1725070517.17676
333.3578715463195,-203.95518672897398,16779.168229598312,117.3337650019316,14.910751443763033,-43.19774509785295,1725070517.1825206
334.4296458602,-200.37496227921767,16833.584114799156,124.1668825009658,9.955375721881516,-44.958034708832834,1725070517.1884198
333.8477473479765,-198.92755022793406,16874.79205739958,105.0834412504829,132.47768786094076,-45.613764299951896,1725070517.1947045
335.96983965146563,-200.7969435302154,16895.39602869979,103.04172062524145,77.73884393047038,-45.26293670523444,1725070517.2005432
335.02888958121787,-202.74632183005647,16903.698014349895,111.52086031262073,25.36942196523519,-44.94901581629612,1725070517.2064235
333.6981075317468,-202.5464225276176,16883.849007174947,111.26043015631036,23.684710982617595,-44.76184869470308,1725070517.212371
333.7762450724647,-202.5251163115793,16769.924503587474,130.63021507815517,13.342355491308798,-43.40430774773673,1725070517.2181196
332.5856156719253,-200.30262736009666,16860.96225179374,126.81510753907759,6.171177745654399,-43.959937034877726,1725070517.2239947
334.68257492767736,-198.71194667811034,16860.48112589687,105.4075537695388,126.0855888728272,-43.452230639927215,1725070517.2300987
336.2647275405996,-197.86327617399718,16934.240562948435,108.7037768847694,53.0427944364136,-42.91564122690112,1725070517.2359216
337.7289610811156,-197.58093363443592,16929.120281474217,111.3518884423847,52.0213972182068,-42.67688034846391,1725070517.2416878
338.11895179332106,-198.70974713430013,16926.560140737107,126.67594422119235,19.0106986091034,-41.10978798449758,1725070517.247753
340.287364013899,-197.7598335343103,16947.280070368553,119.83797211059618,38.5053493045517,-40.015055092955365,1725070517.2535973
339.54251871370155,-197.81710449739512,16937.640035184275,125.41898605529809,17.25267465227585,-39.13854108707451,1725070517.2593958
337.1345333501109,-197.75659006719795,16980.820017592137,115.70949302764905,8.126337326137925,-39.06832112906863,1725070517.2655149
340.36685567249754,-200.1189113337712,16932.41000879607,123.35474651382452,13.063168663068963,-38.17717715054689,1725070517.271346
339.148333210065,-201.94305781951675,16902.205004398034,117.67737325691226,9.031584331534482,-36.386251794342805,1725070517.2771978
341.87178266186976,-203.43695293480104,16917.102502199017,124.83868662845613,4.015792165767241,-35.41491146619144,1725070517.2832735
342.4441972974015,-200.90537968845365,16926.55125109951,120.41934331422806,129.00789608288363,-35.52645596671298,1725070517.2890954
344.67967542592515,-201.04868775374507,16801.275625549755,121.20967165711403,-61.49605195855818,-37.977568873557246,1725070517.2948303
344.51726353954353,-201.44414722161196,16828.637812774876,112.10483582855701,-17.74802597927909,-39.42054847111067,1725070517.3007367
342.5166815290344,-200.03238197392784,16862.318906387438,127.55241791427851,-22.874012989639546,-38.816780295404754,1725070517.306725
343.01384231949623,-197.29935792181024,16851.15945319372,130.27620895713926,-1.437006494819773,-38.98038943906434,1725070517.3125224
343.85643014395987,-193.33753676185998,16989.579726596858,118.63810447856963,-28.218503247409885,-39.24559492844669,1725070517.3202016
369.9282060473976,-196.4279395645974,17106.78986329843,120.81905223928482,28.390748376295058,-41.63690088194301,1725070517.326281
391.335088004075,-212.64528780583015,16757.394931649214,27.409526119642408,29.19537418814753,-47.92039560906486,1725070517.332028
402.57398859340367,-257.81165247036313,16510.697465824607,-1.7952369401787962,138.59768709407376,-64.46505946908388,1725070517.337886
425.2296993970186,-331.0499013842141,15999.348732912304,-423.8976184700894,208.29884354703688,-80.01398547312427,1725070517.343954
421.5332672773761,-463.9217418539212,15797.67436645615,-802.9488092350447,249.64942177351844,-99.03397828602432,1725070517.3497272
402.85570053249097,-639.142828196567,16062.837183228075,-1195.4744046175224,261.32471088675925,-131.94213852195537,1725070517.355615
362.87821977882345,-887.782555718986,16875.418591614038,-1391.7372023087612,-96.83764455662038,-176.84569049068148,1725070517.3616366
319.73128198463763,-1195.6734341676456,17639.70929580702,-1198.8686011543805,-149.9188222783102,-210.9146336061481,1725070517.3673868
265.40704706499156,-1479.0094896941403,18385.85464790351,-968.4343005771902,-328.9594111391551,-239.55512678061626,1725070517.3732092
249.1327944296255,-1702.753890162709,18456.927323951757,-584.7171502885951,-6.479705569577561,-258.62231530074416,1725070517.3792827
185.02137961041842,-1886.9924561078997,18028.46366197588,1.1414248557024393,319.7601472152112,-264.7937427910594,1725070517.3851619
126.8581634094051,-2007.6857901584563,17518.23183098794,152.07071242785122,-36.119926392394405,-271.971484769255,1725070517.390902
65.21077858799315,-2111.962139062614,16671.11591549397,339.53535621392564,-66.5599631961972,-282.3546900895997,1725070517.3968942
38.40309896939249,-2165.8012190334794,16753.557957746983,485.7676781069628,-163.2799815980986,-295.1687528482951,1725070517.4028122
53.93647829666162,-2161.5368928700022,16970.77897887349,732.8838390534814,-156.63999079904931,-310.4707817654029,1725070517.408551
58.96976009853441,-2119.0112364618685,16813.389489436748,741.4419195267408,82.68000460047534,-321.6522240202523,1725070517.41458
32.187780348166456,-2060.0558437704576,16654.694744718374,728.7209597633704,106.84000230023767,-335.38403721843747,1725070517.4204695
37.754911533502465,-1977.446100798102,16711.34737235919,666.3604798816853,48.420001150118836,-357.79735843046154,1725070517.4262128
72.91319591605613,-1892.819610575288,16509.673686179594,555.6802399408426,128.7100005750594,-381.6931756783298,1725070517.4321558
88.96693957651009,-1830.1404468818262,17312.836843089797,531.3401199704213,-51.644999712470295,-390.23613561877687,1725070517.438261
107.02850692962068,-1756.971522062689,17378.4184215449,365.6700599852106,-64.32249985623514,-396.65843309229143,1725070517.444014
120.00269071356061,-1699.0884660916115,17563.20921077245,251.8350299926053,-77.16124992811757,-408.3794226015381,1725070517.4498668
174.76678041404324,-1641.3618793977548,17365.604605386223,222.41751499630266,-118.58062496405879,-421.1316983522641,1725070517.4559088
185.90477657821592,-1603.1936900739788,17056.80230269311,39.20875749815133,-65.79031248202939,-435.5989730726833,1725070517.4616847
190.09242891474784,-1577.5923253784833,17188.401151346556,59.604378749075664,-199.8951562410147,-454.3395750837259,1725070517.4675798
214.14679070549255,-1531.4983502719306,17070.200575673276,41.30218937453783,-109.44757812050734,-473.5514920936102,1725070517.4736586
190.87305824070796,-1522.2728057879272,16713.100287836638,25.651094687268916,-105.72378906025367,-488.30544923040037,1725070517.479547
178.49424968471033,-1535.8742082399863,16356.550143918319,228.82554734363447,-150.36189453012685,-501.0541603772688,1725070517.4852855
199.0294578171039,-1533.8532329684642,16554.27507195916,351.91277367181726,-145.18094726506342,-507.43789186613054,1725070517.4912646
232.52824840356755,-1526.7627285631568,16695.13753597958,250.95638683590863,141.4095263674683,-519.2470470813611,1725070517.497212
217.79000848274066,-1542.0678007369036,16685.56876798979,185.97819341795432,228.70476318373414,-512.211962181075,1725070517.5029652
195.05575138348115,-1539.001048348532,16600.784383994895,150.48909670897717,400.3523815918671,-511.9678168202402,1725070517.5089972
202.12756663726694,-1511.5968184235344,16854.392191997445,96.24454835448859,524.6761907959335,-515.378509118254,1725070517.51488
195.90368666852225,-1504.5442880162007,17065.196095998723,119.6222741772443,574.8380953979668,-531.5528695065515,1725070517.5206156
197.46809704216972,-1490.2930798885088,16822.59804799936,161.31113708862216,581.4190476989834,-565.6221270167559,1725070517.5265553
194.87182136626365,-1480.8824861733306,16833.29902399968,153.65556854431108,300.7095238494917,-611.494285640989,1725070517.5325968
198.69732368368992,-1490.090546018115,16896.64951199984,338.32778427215555,135.85476192474584,-674.7934653394411,1725070517.5383668
220.84681633130063,-1503.2891789493276,17134.32475599992,299.1638921360778,133.42738096237292,-747.2948027499169,1725070517.5442114
241.10129317950884,-1532.8855249987741,17187.16237799996,521.0819460680389,69.71369048118646,-823.9356969081974,1725070517.550312
250.97379800061537,-1579.3373780674433,16869.581188999982,474.54097303401943,33.85684524059323,-903.3226861893935,1725070517.5561101
250.16230284787108,-1600.385456082269,17260.79059449999,684.2704865170097,-151.0715773797034,-978.1310855869745,1725070517.5619655
279.37128318864427,-1579.069588741273,17424.395297249997,786.6352432585048,-147.5357886898517,-1038.7962069511152,1725070517.5679975
277.01593848643245,-1551.3960076539784,16984.197648625,745.3176216292525,171.23210565507415,-1090.5099331670122,1725070517.573765
261.44298345138117,-1522.542681514262,16364.0988243125,688.1588108146262,152.6160528275371,-1140.42276374334,1725070517.5794988
265.55330294880207,-1488.439934618967,15412.04941215625,692.5794054073131,259.8080264137685,-1183.67476481948,1725070517.5854344
289.02756908561156,-1465.9504031409342,15580.024706078126,642.7897027036565,155.90401320688426,-1230.607477796476,1725070517.5913959
329.65880991547726,-1428.6670510519446,16748.012353039063,409.89485135182827,142.45200660344213,-1267.9839425513599,1725070517.5971324
372.88574099852855,-1319.6860119275807,16888.00617651953,145.94742567591413,220.22600330172105,-1315.7156967329654,1725070517.6030896
408.76258587444727,-1197.5281426014883,17238.003088259764,56.973712837957066,27.113001650860525,-1365.3867082726395,1725070517.609048
420.392350562102,-1092.3411954959663,16943.001544129882,144.98685641897853,-124.44349917456974,-1401.4917719998978,1725070517.6147866
426.3964308941705,-1025.519209675263,17577.50077206494,171.49342820948925,-46.72174958728487,-1435.6871536228662,1725070517.620736
392.6612018792417,-990.0774317211082,16894.750386032472,156.74671410474463,11.139125206357566,-1453.2184934960135,1725070517.6268065
359.48318416624477,-970.5189359690619,17597.375193016236,21.873357052372313,-124.43043739682122,-1459.0471893920585,1725070517.6326258
338.7892891974017,-931.6809059910717,17762.68759650812,-230.06332147381386,15.78478130158939,-1461.539378392347,1725070517.6384044
323.77668335205317,-869.035087169069,17837.34379825406,-413.53166073690693,86.3923906507947,-1462.4510342427068,1725070517.644488
324.2245324684666,-852.8185257911264,17568.67189912703,-258.76583036845346,289.19619532539735,-1455.8503675085194,1725070517.6503344
304.63049313349296,-817.2856366651557,17082.335949563516,-438.8829151842267,469.5980976626987,-1468.8520818763734,1725070517.6561563
281.4666880964991,-790.4940844503036,16641.167974781758,-415.44145759211335,331.29904883134935,-1492.387253903809,1725070517.6622539
239.33527976112657,-799.3716883833902,15846.583987390879,-144.22072879605668,156.64952441567468,-1519.045579819843,1725070517.6680732
196.33358445204414,-799.6131368270666,15253.291993695439,-69.61036439802834,-216.67523779216265,-1546.0392520528,1725070517.6738226
184.47213091329846,-824.2830072001983,15212.64599684772,122.69481780098583,-370.8376188960813,-1573.8032605050976,1725070517.6797738
123.72040376896022,-848.5583613528936,16298.32299842386,127.84740890049292,-316.41880944804063,-1607.0637681059825,1725070517.6857579
88.82759621991657,-897.37460474942,15711.16149921193,45.92370445024646,-169.20940472402032,-1652.3587625304785,1725070517.6914937
105.34389120087648,-949.4550015341862,16553.580749605964,180.96185222512324,-4.104702362010158,-1700.75401930761,1725070517.6974368
128.92380101820143,-960.202185088325,16912.790374802982,55.98092611256162,27.94764881899492,-1748.725778251345,1725070517.7034056
172.84202182660735,-936.1370216668718,16952.39518740149,-69.50953694371918,339.47382440949747,-1792.4169024468797,1725070517.7091537
186.01348039867196,-934.5647636181263,16898.197593700745,-347.2547684718596,376.7369122047487,-1834.851872138729,1725070517.7151005
187.3109803626498,-947.619667194317,17289.098796850372,-440.6273842359298,342.36845610237435,-1875.556323085641,1725070517.721117
172.71080200724188,-959.0615306790278,16996.549398425188,-346.81369211796493,63.184228051187176,-1903.7915140280652,1725070517.726869
130.4946049325044,-999.2888664321287,16818.274699212594,-56.90684605898247,34.09211402559359,-1913.532092934425,1725070517.7327518
60.479054738395234,-1064.5147579383363,16109.137349606297,-10.453423029491233,-14.453942987203206,-1914.1563544160392,1725070517.7388275
3.094877560997631,-1131.6703857181346,15554.568674803148,310.2732884852544,-426.2269714936016,-1920.6144770718815,1725070517.744664
-5.702342533729446,-1162.6405394800067,17043.284337401572,573.1366442426272,-499.6134857468008,-1896.5392327719767,1725070517.7504292
-18.543310208619687,-1102.9003194681868,17579.642168700786,432.0683221213136,-417.80674287340037,-1876.1085490548428,1725070517.7564967
-11.104840697223151,-1073.8311565748959,18361.82108435039,481.0341610606568,-201.40337143670018,-1855.2069749916768,1725070517.7623596
12.574759465242943,-1017.0248674777055,18134.910542175196,446.01708053032837,142.7983142816499,-1834.6108581502747,1725070517.7681448
24.212211732661594,-983.6648308608444,17339.455271087598,316.0085402651642,386.39915714082497,-1817.986291285474,1725070517.7742283
30.79908759228196,-977.3389322830785,17207.7276355438,382.00427013258206,546.1995785704125,-1798.9552496275207,1725070517.7800937
4.537879878006443,-958.0516888047557,16117.8638177719,433.50213506629103,369.59978928520627,-1788.2067096683923,1725070517.7858834
-3.3740124796370328,-943.139837456092,16262.93190888595,571.7510675331455,-59.700105357396865,-1768.8748469409343,1725070517.7919707
26.50054944043532,-931.297321790685,16269.465954442974,641.3755337665727,-101.35005267869843,-1738.4458569217297,1725070517.7978206
36.66374308239665,-913.0357548639524,17004.732977221487,636.6877668832864,-48.175026339349216,-1700.923765478182,1725070517.80364
67.2946127682905,-862.6790579029318,16864.366488610744,483.8438834416432,-109.58751316967461,-1666.5906904083024,1725070517.809731
99.6409528821813,-810.4698993025073,16262.183244305372,90.9219417208216,254.7062434151627,-1643.894654579474,1725070517.8156395
72.62801273998846,-818.3125156770086,16723.091622152686,-207.03902913958922,293.35312170758135,-1606.6156486309737,1725070517.8213818
51.43473208366911,-831.0730631455544,16437.545811076343,-486.01951456979464,264.17656085379065,-1565.0350279068987,1725070517.8273244
34.07273827136826,-799.9820315113362,16418.77290553817,-444.5097572848973,166.08828042689532,-1538.5631719635924,1725070517.8332872
54.46616273319845,-780.9696403563228,17029.386452769086,-376.25487864244866,151.04414021344766,-1514.764034438339,1725070517.8390355
37.13088843163207,-743.2133762861772,16614.693226384545,-345.1274393212243,48.52207010672383,-1498.1574516272751,1725070517.8450289
31.136470191043887,-737.2029297964374,16011.346613192272,-54.06371966061215,98.76103505336192,-1482.4082156313084,1725070517.8509674
57.76391792483321,-718.4453769853527,16319.673306596136,224.96814016969392,-333.61948247331907,-1466.0836993455616,1725070517.8567142
76.57627295226351,-723.3501867262182,16469.83665329807,291.48407008484696,-369.30974123665953,-1453.3668987943304,1725070517.862784
103.13401477889327,-684.125747513177,17832.918326649036,217.24203504242348,-233.15487061832977,-1442.7920816796,1725070517.8688703
126.79616300163516,-675.31490057066,16796.459163324518,-37.87898247878826,300.4225646908351,-1452.1911399295964,1725070517.8746707
128.6173218961642,-689.6251126969613,16508.229581662257,-244.43949123939413,696.2112823454175,-1450.3941030825733,1725070517.8804977
169.55463826835233,-677.7583104761815,18118.11479083113,-440.21974561969705,914.1056411727088,-1460.739489973269,1725070517.8865747
215.20800220376222,-618.6552381175317,16943.057395415562,-793.6098728098485,1188.5528205863543,-1486.4551296121467,1725070517.8923526
235.33021766284782,-599.7789932977487,16793.52869770778,-727.3049364049243,719.7764102931772,-1522.5628706480234,1725070517.8982139
266.3448518546169,-610.6546672507094,17472.76434885389,-572.1524682024622,453.8882051465886,-1568.2661975179078,1725070517.904245
238.60079387294203,-583.6772439627432,17084.382174426944,-372.0762341012311,-390.5558974267057,-1619.6092245787318,1725070517.9100068
241.7153774477789,-606.6832171626602,16866.191087213472,6.46188294938446,-810.2779487133529,-1673.344861120563,1725070517.9158702
237.52569892808881,-665.2878230102622,17261.095543606738,158.73094147469223,-1029.1389743566765,-1721.42170832442,1725070517.921959
244.87980744694286,-759.850938755452,17596.54777180337,397.36547073734613,-544.0694871783382,-1746.720605845114,1725070517.9278722
224.95475543819163,-782.8559480740255,17194.273885901683,465.6827353686731,65.96525641083088,-1764.4583103029147,1725070517.9336298
170.234540877549,-786.4696974181843,17213.13694295084,438.84136768433655,273.48262820541544,-1764.3760969219904,1725070517.9396029
98.37906994970001,-823.1834495207943,16228.56847147542,408.4206838421683,766.7413141027077,-1750.8132734869762,1725070517.9455507
23.710587584917178,-820.8079819258697,15516.28423573771,360.71034192108414,430.3706570513539,-1737.8843922814171,1725070517.9513006
-36.312950115806395,-786.781578601902,15086.142117868854,187.35517096054207,-55.81467147432306,-1720.8632013424085,1725070517.957331
-98.84143809211848,-720.4577493634665,14983.071058934427,-67.82241451972897,-625.4073357371615,-1701.9439412909396,1725070517.9634094
-125.85502845830057,-634.3048836348421,14785.535529467214,-83.41120725986448,-702.2036678685807,-1696.858883775451,1725070517.9692295
-166.52623767657636,-604.1582098130567,16434.767764733606,25.79439637006776,-602.1018339342904,-1696.324735758816,1725070517.9749894
-195.08075697610258,-580.0474566346413,18575.383882366805,87.39719818503389,134.4490830328548,-1700.062868635686,1725070517.9810688
-193.01387720450617,-512.2518863089401,17801.691941183402,104.19859909251694,514.7245415164274,-1715.1162016251083,1725070517.9869041
-148.08280676092681,-487.4643901442997,16402.8459705917,337.59929954625846,622.3622707582138,-1727.4861756569276,1725070517.9926937
-178.35682382021653,-452.4938408109967,16287.42298529585,327.2996497731292,694.1811353791069,-1736.6268771288017,1725070517.9987652
-207.1618167691819,-435.8873638725917,16567.711492647926,277.1498248865646,424.09056768955344,-1761.9455153884824,1725070518.0045907
-174.00343086889836,-427.04757865869163,16979.855746323963,74.0749124432823,80.04528384477672,-1790.4781326901457,1725070518.010423
-156.24254643673518,-412.8199359209626,16855.92787316198,7.0374562216411505,-458.97735807761165,-1826.575099637601,1725070518.016499
-150.4783176154452,-446.67678500082735,18023.963936580993,-160.48127188917942,-396.9886790388058,-1854.5321723167233,1725070518.0222952
-172.67521878512852,-447.7890915431802,18737.981968290496,-427.7406359445897,40.5056604805971,-1870.0094377118169,1725070518.02806
-194.10080569364703,-451.7268692940905,20016.990984145246,-236.87031797229486,192.75283024029855,-1878.4859209876095,1725070518.034034
-156.13216503136658,-468.74144605304,18434.495492072623,-118.93515898614743,705.8764151201493,-1868.932837085248,1725070518.0399868
-107.74646618929768,-505.32219056988976,16701.24774603631,91.03242050692629,455.43820756007466,-1847.8718714808235,1725070518.0457816
-124.86823638243851,-530.5612987784575,16180.623873018156,216.01621025346316,68.21910378003733,-1821.4645204910796,1725070518.052108
-191.55092411606796,-573.0595715170003,15954.311936509079,450.0081051267316,-312.8904481099813,-1788.662391947695,1725070518.0582983
-236.5815222310135,-604.7934793185927,17191.15596825454,807.5040525633658,-655.9452240549906,-1744.3488092934535,1725070518.0640821
-192.24244965272868,-578.9706335661037,17143.57798412727,1005.2520262816829,-732.9726120274953,-1691.9881797744097,1725070518.0701263
-61.06434840722386,-552.1163804687682,17659.788992063637,1200.6260131408415,-419.98630601374765,-1629.8683591357296,1725070518.0761695
-24.684059194962984,-525.1214851161413,17857.89449603182,1227.3130065704208,438.50684699312615,-1562.149751523913,1725070518.0819428
-17.89445717758196,-451.02344122265447,16884.94724801591,1016.6565032852104,696.7534234965631,-1497.306779350456,1725070518.0878046
45.95721891410108,-455.0243713936674,16258.473624007955,808.8282516426052,742.8767117482815,-1437.3721310029127,1725070518.0938914
100.4367528912577,-411.7917326765653,15839.236812003977,281.4141258213026,375.43835587414077,-1386.8845783923384,1725070518.0996568
89.86834499832077,-369.22133859942875,16345.618406001988,-139.7929370893487,-112.78082206292962,-1335.5576899433295,1725070518.1055343
55.12871195448918,-348.0003059593872,16100.809203000994,-343.89646854467435,-548.3904110314649,-1279.9664802714033,1725070518.1115742
48.965130674820124,-357.8045837066058,16818.404601500497,-253.94823427233717,-892.6952055157324,-1226.2314854046858,1725070518.1173434
131.74302091432125,-405.53154097968456,18777.20230075025,339.0258828638314,-638.8476027578662,-1171.040709372665,1725070518.1230917
194.1297979735642,-420.01291998887024,17022.601150375125,325.0129414319157,254.0761986210669,-1123.4762252820599,1725070518.12905
223.77661817178125,-434.3644685645903,16369.300575187563,559.0064707159579,586.0380993105334,-1088.7588150160575,1725070518.1349993
298.0805271937379,-496.8688919031461,15910.65028759378,582.503235357979,663.5190496552667,-1069.4480796708108,1725070518.1407523
403.3236411045184,-522.443414923441,15845.32514379689,378.7516176789895,519.2595248276334,-1060.4520540178687,1725070518.14671
402.26778580411246,-467.6911286603615,15698.662571898445,-233.12419116050526,167.1297624138167,-1060.3556602318035,1725070518.152632
325.20177849071575,-438.74833312236876,14969.331285949222,-509.5620955802526,-220.93511879309165,-1070.2832487956734,1725070518.1583846
317.2925420978394,-380.6238452790495,17706.66564297461,-587.2810477901263,-378.4675593965458,-1086.1288186997724,1725070518.1643429
339.5266089421879,-341.1692341938318,18319.332821487304,-680.1405238950631,130.2662203017271,-1089.153888311267,1725070518.1703002
271.2257153658873,-373.6790840413906,17655.66641074365,-503.07026194753155,204.13311015086356,-1069.7779910648303,1725070518.1760533
267.7566315745693,-420.6503726015666,17033.833205371826,-50.535130973765774,152.06655507543178,-1033.2456898738155,1725070518.1819446
244.51018083290188,-464.51074491000463,15210.916602685913,74.23243451311711,154.0332775377159,-981.5091986835794,1725070518.1880338
154.63416348750843,-518.1950037548165,15999.458301342956,202.61621725655857,-257.48336123114206,-923.3092902087902,1725070518.1938522
138.57807179814668,-485.87517427821973,16793.72915067148,-8.191891371720715,-41.24168061557103,-867.5691553546385,1725070518.199662
164.10429675120002,-454.80179568576335,17596.86457533574,-104.59594568586036,-63.620840307785514,-826.6751058231047,1725070518.2057707
260.4997889385844,-386.1983170802821,18546.43228766787,194.20202715706984,365.1895798461072,-796.8211272836502,1725070518.2115858
282.0199751063499,-345.7327283285641,17543.216143833935,59.10101357853492,920.0947899230537,-766.0574009920736,1725070518.2174177
205.47726088093384,-352.45514351620835,16491.60807191697,207.05050678926744,840.0473949615268,-744.1455127996837,1725070518.2234998
201.97717587131936,-361.5629637604422,16829.804035958485,441.02525339463375,313.5236974807634,-726.1392127162536,1725070518.2295048
303.7954817790722,-354.0041046539985,16488.902017979242,391.5126266973169,-113.73815125961829,-709.2819349598938,1725070518.2352395
347.7788846370336,-346.68387601380914,17468.45100898962,307.7563133486584,-391.8690756298091,-689.6083575472827,1725070518.241168
401.93411588446594,-310.1408051881938,18736.22550449481,-102.1218433256708,-116.93453781490456,-667.8364931507282,1725070518.2471445
457.9254582183481,-240.61606957589245,17922.112752247405,-510.0609216628354,70.03273109254772,-647.9581819234503,1725070518.2528822
370.7288060470756,-240.52239176063947,16641.056376123703,-318.5304608314177,626.0163655462738,-632.973606598398,1725070518.2588236
289.2930129294124,-200.12219524636959,16504.52818806185,-505.26523041570886,608.5081827731369,-641.8908896757623,1725070518.2647755
213.19543637394264,-150.44659360221706,15958.264094030925,-703.1326152078544,156.75409138656846,-659.581019144568,1725070518.2705138
124.48797269205117,-160.9585934789861,16589.13204701546,-521.5663076039273,-441.62295430671577,-677.4024925100274,1725070518.2764668
152.82012076973956,-143.60004187077743,18258.56602350773,-448.28315380196364,-665.3114771533578,-682.8780796335319,1725070518.282541
156.46764864950686,-153.2683901361744,17227.283011753865,-300.1415769009818,-324.1557385766789,-683.4111787285829,1725070518.2883487
214.79013816187774,-179.4611181290072,18333.641505876934,227.9292115495091,140.92213071166054,-669.0787030371685,1725070518.2941318
214.40973779623826,-91.4561539989771,16356.820752938467,-182.53539422524545,1104.4610653558302,-661.2586607896206,1725070518.3001916
112.1491009765235,-61.177763458449704,13414.410376469234,-103.26769711262273,700.7305326779151,-658.3741520302491,1725070518.3060513
154.72213562877286,-108.49286553480033,13929.205188234617,146.36615144368864,382.36526633895755,-651.8669881470523,1725070518.3118558
211.52377228665233,-101.90982491872211,13778.602594117308,42.68307572184432,-39.81736683052122,-647.8828551631486,1725070518.317939
237.05536570618807,-102.26507144097899,15931.301297058653,82.34153786092216,-365.4086834152606,-649.7957274944679,1725070518.3238778
206.7016555418939,-15.944636780175856,17945.65064852933,-97.32923106953892,-186.2043417076303,-667.8885093245956,1725070518.3296149
173.62476599046863,51.45456178117817,17578.825324264664,-202.16461553476947,-497.10217085381515,-703.8085805356154,1725070518.3355272
265.6929237555982,7.586742711281161,18807.41266213233,41.917692232615266,-286.55108542690755,-732.9111380026226,1725070518.341507
282.7252649873986,-14.71429782821653,19383.706331066165,256.45884611630765,136.22445728654623,-752.4558237494427,1725070518.347244
334.6299288675032,10.330944243088375,18941.85316553308,229.22942305815383,305.1122286432731,-782.9653753799626,1725070518.3531954
365.59845512539664,30.3029793066805,18752.92658276654,-6.885288470923086,283.5561143216365,-823.0251671326386,1725070518.359196
349.47427712954936,11.453065120551113,19258.46329138327,-109.94264423546154,128.77805716081826,-858.7466342807716,1725070518.3649428
368.17320209049757,-25.01605715549196,19445.231645691634,-108.47132211773078,296.3890285804091,-883.9572852517572,1725070518.3709166
298.62262374690647,-73.23945484805478,18644.615822845815,-249.2356610588654,43.19451429020455,-897.5058724969326,1725070518.3770127
260.5620981103751,-172.24001534177756,17932.307911422908,385.8821694705673,-163.90274285489772,-885.395278868619,1725070518.3828187
289.9265645548949,-224.43991348606508,17400.153955711452,643.4410847352837,-275.45137142744886,-865.9138277257038,1725070518.3886049
236.1525742673828,-235.86019355873603,16748.076977855726,737.2205423676419,117.27431428627557,-844.3094844743191,1725070518.3946757
192.60071139266591,-272.23478091505257,15450.038488927863,726.1102711838209,35.137157143137784,-830.9054017034636,1725070518.400485
178.19463805244735,-286.96859434756743,14671.019244463932,378.55513559191047,-203.43142142843112,-810.1010279039314,1725070518.4062972
217.61286953149073,-287.4055359781817,15717.509622231966,488.77756779595524,-299.21571071421556,-791.313738271318,1725070518.4123895
300.4358917591686,-214.57555887119196,17308.754811115985,265.88878389797765,6.3921446428922195,-771.4313128451962,1725070518.4182422
274.53420599106283,-129.94433563505189,16734.377405557992,-146.05560805101118,347.1960723214461,-743.6756332868215,1725070518.423979
248.806539344267,-112.29874887258907,16237.188702778996,-29.52780402550559,-252.90196383927696,-720.0988586641066,1725070518.4298778
341.7654303356834,-99.16426800521441,16214.594351389498,1.7360979872472058,-113.95098191963848,-709.1417640486515,1725070518.435881
462.69323923100046,-86.79299058162295,16023.297175694748,348.3680489936236,196.52450904018076,-706.7935558333047,1725070518.441619
493.11569221905546,-59.945186086167595,16817.648587847376,496.1840244968118,-79.73774547990962,-698.1309635220854,1725070518.447531
486.6604034539202,43.3288366726991,17086.824293923688,437.0920122484059,203.1311272600452,-701.4825091588046,1725070518.4535005
464.7785186053587,140.6922620427128,18477.412146961844,176.54600612420296,172.5655636300226,-712.0603549439071,1725070518.4592376
404.8055952571618,128.2060012690044,16404.70607348092,40.27300306210148,-23.717218184988695,-722.1702944597812,1725070518.4651966
401.985257342015,22.475532330669566,16642.35303674046,330.1365015310507,-96.85860909249435,-725.2618746997478,1725070518.4711888
474.81224601017465,-76.08510173382994,16341.17651837023,499.56825076552536,29.070695453752826,-724.8883551935004,1725070518.4769363
507.2476525079462,-146.73781342617764,16768.588259185115,736.7841253827627,-122.96465227312359,-715.5926785397132,1725070518.482818
561.3401491955641,-113.31783881150335,16320.294129592558,852.3920626913814,-577.4823261365618,-719.6822068936779,1725070518.488883
590.5061305808147,-72.0704794654138,15314.147064796278,585.6960313456907,-739.2411630682809,-727.0648235344989,1725070518.4947295
501.98930101706753,-95.06998935918598,15649.073532398139,805.8480156728453,-798.1205815341405,-730.1165385062059,1725070518.5004606
388.9806582049942,-113.13005836666744,16636.536766199068,875.9240078364227,-624.5602907670702,-730.0172697690477,1725070518.5065172
325.24817374582966,-126.19385912842422,17982.268383099534,716.4620039182114,-69.78014538353511,-724.4542899987852,1725070518.5123901
351.5262938508555,-131.61956796814437,17939.13419154977,590.2310019591057,362.10992730823244,-711.4520405546251,1725070518.5181293
387.9802623402247,-161.8689338226367,15723.567095774884,462.11550097955285,520.5549636541162,-707.0222709437968,1725070518.5241318
362.61937923461096,-182.88573528839999,15133.783547887442,419.0577504897764,204.77748182705812,-696.1228374173511,1725070518.5301414
361.6745708333578,-178.3690339414537,17700.89177394372,369.52887524488824,-180.61125908647094,-686.9526230583552,1725070518.5358799
352.98671404588964,-129.4113700046938,17910.44588697186,195.26443762244412,-254.30562954323545,-672.4848731714645,1725070518.541776
273.2896330632383,-118.03819789136405,16041.22294348593,-24.36778118877794,-179.15281477161773,-663.2049979800559,1725070518.5477655
293.1037978744436,-122.11784853524448,18476.611471742966,37.31610940561103,-36.076407385808864,-654.7636248498951,1725070518.553506
397.5213921562922,-83.14943894003355,18704.305735871483,-148.84194529719448,865.9617963070956,-648.434862916572,1725070518.559395
503.8591718547268,-77.54486254926317,16274.152867935742,-93.42097264859724,837.9808981535477,-656.1572390918858,1725070518.565411
586.4122950928844,-67.89642010911473,16835.07643396787,104.28951367570139,659.9904490767739,-685.1371323744409,1725070518.571148
685.288641755595,-104.62999536281906,17297.538216983936,244.1447568378507,944.495224538387,-721.3575576581903,1725070518.5770094
638.2622969516225,-123.69292759120087,16486.769108491968,198.07237841892535,582.2476122691935,-760.0823880769717,1725070518.583077
490.9328161376051,-132.52256869840426,15761.384554245984,117.03618920946268,298.12380613459675,-807.9914490408881,1725070518.5889008
387.79821626731666,-163.69830282212763,16028.692277122991,93.51809460473135,-43.938096932701626,-856.8734410686574,1725070518.594672
299.48113322179245,-220.05319006205593,17350.346138561494,240.25904730236567,-145.4690484663508,-888.0799387463995,1725070518.6007106
104.68447512546177,-242.31347935896983,18117.173069280747,110.62952365118284,-182.73452423317542,-913.2771810832452,1725070518.6065807
-12.399377072836614,-327.23327360877926,18128.586534640373,-32.68523817440858,-151.8672621165877,-936.0791666183031,1725070518.612318
-61.92901447222841,-411.54085611753334,17486.293267320187,26.15738091279571,-135.43363105829386,-961.611862994818,1725070518.6183548
-63.889599747759405,-506.02056308871175,16983.146633660093,206.07869045639785,-84.71681552914693,-987.5936997377943,1725070518.6243424
-68.58688991143747,-578.3496018998359,17233.573316830047,208.53934522819893,-16.358407764573464,-1000.4145567949108,1725070518.6300879
-32.253737907717884,-623.3284612265021,17010.786658415025,299.2696726140995,-432.17920388228674,-1012.1883465527629,1725070518.6359606
117.94245266213454,-651.32051944242,16835.393329207513,617.6348363070497,-454.08960194114337,-1007.8035507489077,1725070518.6419947
183.52146153649798,-560.5215800349861,17013.696664603754,559.8174181535248,-629.5448009705717,-997.6958673075254,1725070518.647737
196.66289096636078,-479.27320664196634,15594.848332301877,686.9087090767624,-407.77240048528586,-995.990984844672,1725070518.6536298
231.49501451064626,-419.908229186439,15253.424166150939,754.9543545383813,-415.38620024264293,-1003.1629917865486,1725070518.6596332
358.95505151400124,-355.5744304714267,15540.712083075468,581.9771772691906,50.806899878678536,-1007.922123418192,1725070518.6653783
259.14558651353184,-302.5161657024294,16196.356041537734,525.9885886345953,527.4034499393392,-1032.0053317380014,1725070518.6713455
287.655365413275,-208.1887475172398,17638.178020768868,329.99429431729766,622.2017249696696,-1064.494582938949,1725070518.6773617
321.3078842755923,-105.76405427685447,17355.089010384436,120.99714715864883,613.1008624848348,-1085.6864733700834,1725070518.6831121
232.5949261024662,-12.537913759743986,15901.544505192218,-116.50142642067559,-261.4495687575826,-1098.7138894129087,1725070518.6890302
129.83735882054157,-13.329788401792657,15182.772252596109,-134.25071321033778,-595.7247843787914,-1098.9140942723188,1725070518.6951215
51.48686471843189,-70.69976739057068,15471.386126298054,-147.6253566051689,-654.8623921893957,-1093.8244521065287,1725070518.700969
-2.7721685873833195,-133.4361616416694,17221.693063149025,98.18732169741556,-316.93119609469784,-1084.7286244993786,1725070518.7067125
-38.41388171800208,-205.89011787642272,18440.846531574512,220.59366084870777,62.53440195265108,-1071.1613081919031,1725070518.7127495
-3.4377623607532044,-273.396830311264,18602.423265787256,459.79683042435386,177.76720097632554,-1056.7394045645358,1725070518.7189987
29.482491554760628,-314.3367058819839,16701.211632893628,285.89841521217693,812.8836004881628,-1030.7261795353454,1725070518.724745
-91.34179945952297,-299.0740805721149,15236.605816446814,-33.550792393911536,508.9418002440814,-1009.9329760091072,1725070518.7307727
-133.86255996415343,-323.4137093516753,16766.302908223406,308.72460380304426,-11.529099877959311,-978.7449308717325,1725070518.736777
-66.2580314293082,-317.52152041218966,17445.151454111703,199.36230190152213,-269.76454993897966,-935.9186937628949,1725070518.7425385
-31.18806097032074,-290.05082598090917,16432.575727055853,83.18115095076107,-506.8822749694898,-894.76275643318,1725070518.7484317
-24.49170017035432,-253.74327977358936,16224.287863527927,-201.40942452461945,-505.9411374847449,-868.5911180229969,1725070518.7544851
77.11079046401413,-177.87551693285974,17486.143931763963,-660.2047122623097,-425.97056874237245,-871.4663342265669,1725070518.7602336
149.6617175084877,-77.06369328496538,17829.07196588198,-987.6023561311549,384.51471562881375,-898.1909265940297,1725070518.766141
119.43474667369006,-7.811067370675616,17132.53598294099,-1177.8011780655775,436.2573578144069,-921.5929201719584,1725070518.7721674
72.49209252625747,-29.567272293243114,17540.267991470493,-861.4005890327887,-21.371321092796563,-930.8684733651965,1725070518.7779453
31.824584395046998,-73.39077484554255,17766.133995735247,-542.7002945163944,2.8143394536017183,-924.4173462944523,1725070518.7838423
81.54286442852033,-98.66926929134107,17317.066997867623,110.14985274180282,-104.59283027319914,-915.8663938254745,1725070518.789911
160.84860160123014,-135.09223149258068,15826.533498933812,423.5749263709014,-368.2964151365996,-915.8089734515502,1725070518.7957458
208.10412321347118,-184.14724589331533,15609.266749466906,355.7874631854507,-715.1482075682998,-911.2260837569604,1725070518.8014812
356.5662385155113,-222.12530955544713,16608.633374733454,556.3937315927253,-820.5741037841499,-917.5128524556791,1725070518.8075228
480.4035943978511,-144.2722541338759,18062.31668736673,221.69686579636266,-357.28705189207494,-931.2246336550128,1725070518.813385
482.76261099593233,-50.62895816650102,17625.158343683364,-8.15156710181867,-302.64352594603747,-948.9753520865407,1725070518.8191185
439.7508081310497,-53.225389088624084,16330.579171841682,193.42421644909066,74.67823702698126,-956.341741311042,1725070518.825154
384.1550357233113,-105.13853771784508,16047.28958592084,713.2121082245453,32.33911851349063,-949.5750765363335,1725070518.8310332
385.62902554734535,-128.9523429582084,16593.64479296042,800.1060541122727,-157.83044074325468,-924.226999581444,1725070518.8367784
393.06742779384166,-97.44584126512399,16084.82239648021,392.55302705613633,-187.41522037162736,-896.7667944751257,1725070518.8428304
411.22155853535116,-86.35659675447276,15562.411198240105,242.77651352806816,-331.7076101858137,-886.7795441949878,1725070518.848702
434.50193103442166,-77.0418241505669,15259.205599120052,119.88825676403408,-632.3538050929069,-886.9801063149919,1725070518.8545036
357.21066941936084,-75.25116760795227,17187.602799560027,23.94412838201704,-561.1769025464534,-888.6889180131355,1725070518.8606002
233.52719153157568,-90.64786041535052,17281.801399780015,-128.0279358089915,-158.08845127322672,-882.6278500153251,1725070518.866549
225.62871670981272,-108.71270425313378,17686.900699890008,-414.01396790449576,-119.54422563661336,-863.1137469675809,1725070518.872292
261.35940212114076,-93.26103912435272,17681.450349945004,-691.5069839522479,223.72788718169332,-852.1866758394959,1725070518.878176
307.9006240167663,-121.78686847338479,17886.725174972504,-641.253491976124,686.8639435908467,-844.808294397045,1725070518.8842535
362.0658193266728,-162.3845138563052,18135.362587486252,-485.626745988062,807.9319717954234,-842.192592560373,1725070518.8901029
348.23371290880976,-189.58074194126027,16979.681293743124,-390.813372994031,961.9659858977117,-847.4684853765866,1725070518.8958335
205.74554449600265,-221.2156365519542,15681.840646871562,-276.90668649701547,555.9829929488558,-865.7666394514025,1725070518.9018495
65.09558827074167,-264.5788578740862,16198.920323435781,-29.453343248507736,305.4914964744279,-889.0862481231507,1725070518.9077199
0.8374098075740335,-268.7602377481817,17549.460161717892,186.27332837574613,71.74574823721395,-916.1845487315832,1725070518.9134955
26.13622377916226,-268.5231439064658,17284.730080858946,329.63666418787307,56.87287411860697,-952.169727610611,1725070518.9195716
37.86125254016997,-306.4409605295647,15682.365040429473,661.8183320939365,0.4364370593034863,-1001.6412984891537,1725070518.9255667
55.253559958818826,-370.6622673756997,14771.182520214737,1096.9091660469683,-62.28178147034826,-1069.6535550810167,1725070518.9313319
42.23051241646925,-379.80578963893925,15675.591260107369,1070.9545830234842,729.3591092648259,-1148.3842915232958,1725070518.9372306
-42.91162690496138,-319.26695253105515,15729.795630053684,899.4772915117421,716.6795546324129,-1232.3577771364148,1725070518.9432638
-110.02236918053758,-285.4432809027224,16372.897815026841,559.2386457558711,140.33977731620644,-1332.8305912844633,1725070518.9490154
-110.99112343430484,-274.6375324138426,15752.44890751342,310.61932287793553,-216.33011134189678,-1428.1893431253939,1725070518.9549031
-91.8816749507484,-300.44363334689024,17044.22445375671,532.3096614389677,-688.6650556709484,-1498.8153189567663,1725070518.9609685
-56.035743253340726,-311.1469326311,17878.112226878355,452.15483071948387,-168.3325278354742,-1542.192936173971,1725070518.9667234
-200.9576159168398,-303.85409098954693,16565.056113439176,518.577415359742,-337.16626391773707,-1564.3302324690276,1725070518.9724607
-157.08650449591306,-279.253492934602,17248.528056719588,807.288707679871,-361.58313195886853,-1561.3457178070098,1725070518.9785318
-99.89692056991123,-229.72829612863865,18580.264028359794,644.6443538399355,61.70843402056573,-1560.9302173681929,1725070518.9845464
-51.00687755523688,-160.05707465102404,17332.132014179897,127.32217691996777,161.35421701028287,-1565.454232043537,1725070518.9902894
13.301043196856796,-122.2542392045624,16926.066007089947,-279.3389115400161,-22.822891494858567,-1573.3296444171715,1725070518.9961267
64.97421121418921,-74.41337532805667,17281.033003544973,-260.1694557700081,75.58855425257072,-1589.1006503839528,1725070519.0021977
215.58390190133807,-48.27784013085764,18912.516501772487,-13.084727885004042,177.79427712628535,-1604.03150193312,1725070519.0079582
286.02816848437766,-62.12365707762146,19222.258250886243,376.457636057498,764.3971385631427,-1602.3191632983867,1725070519.0138261
228.57615760021605,-105.57598747896913,17485.12912544312,367.728818028749,680.6985692815713,-1588.8300797452728,1725070519.0198855
220.2485431978984,-176.14745324444596,15584.56456272156,759.3644090143745,312.84928464078564,-1573.5080763731044,1725070519.0257967
202.39050805377434,-214.72836483886027,16860.282281360778,1023.6822045071872,-44.57535767960718,-1552.520735521022,1725070519.0315301
162.04494050879453,-193.81383115439291,17348.14114068039,691.8411022535936,49.71232116019641,-1534.8197639229252,1725070519.0375302
108.11710799774568,-177.41604634903564,16910.070570340195,503.9205511267968,89.3561605800982,-1523.395255175304,1725070519.0434365
112.44028866322338,-142.34349492516588,17171.035285170095,193.9602755633984,9.678080290049103,-1518.8258912370557,1725070519.049174
104.48232478671628,-143.10587995322814,15843.517642585048,5.980137781699199,16.33904014502455,-1524.3292518000353,1725070519.0551627
80.31191949495735,-145.01533686050723,15647.758821292524,-57.5099311091504,81.66952007251227,-1542.9271929579006,1725070519.0610657
123.77294051725156,-132.89396553641308,15537.879410646263,-187.2549655545752,16.834760036256135,-1569.3712352819766,1725070519.0668015
169.321116195914,-74.66807615135221,15896.939705323131,-280.1274827772876,-424.0826199818719,-1603.0063380587721,1725070519.0727928
89.41406756604322,-13.762376029185084,15642.469852661565,-264.5637413886438,-651.0413099909359,-1645.3819849530569,1725070519.0798697
48.818116189915564,7.9797268248335165,17073.234926330784,-83.7818706943219,-606.020654995468,-1680.4220121730036,1725070519.0856946
-14.106391247118339,61.38484883859921,18954.617463165392,-106.89093534716095,-238.010327497734,-1705.2446690442584,1725070519.0918114
-94.79432246894656,101.27220104181421,18339.308731582696,-143.44546767358048,348.494836251133,-1721.3626672505836,1725070519.0976944
-92.3566984808672,58.18802759164592,17101.65436579135,-43.22273383679024,570.2474181255665,-1725.6413703037906,1725070519.1035285
-63.84088289699845,-4.024902835235949,15430.827182895675,-103.61136691839512,589.1237090627833,-1711.0900995320592,1725070519.1096773
-54.37132266327689,-35.024931191453675,16061.413591447837,-342.30568345919755,321.06185453139165,-1672.4927367953483,1725070519.115479
-86.50212223137305,-56.32637847237292,16904.70679572392,-488.1528417295988,113.03092726569582,-1626.0884289320834,1725070519.1212375
-146.00950803846084,-23.522714294487365,17164.35339786196,-633.5764208647994,35.01546363284791,-1588.442310839971,1725070519.127268
-227.81951097858772,-16.12354999981443,16814.17669893098,-366.2882104323997,8.007731816423956,-1549.938086520085,1725070519.133207
-244.48527857544974,-23.614255078393636,17397.08834946549,-15.144105216199847,-81.49613409178802,-1515.4453512905711,1725070519.1389496
-209.19620152181,-22.265432128783146,18022.544174732746,93.42794739190008,162.251932954106,-1470.9955096884255,1725070519.144918
-126.01500914479412,-33.91366432207938,16757.27208736637,122.21397369595005,93.125966477053,-1430.0525884026904,1725070519.1509023
11.596291691457438,-72.38646593519172,15294.636043683186,138.606986847975,-322.4370167614735,-1399.2072952268484,1725070519.156643
101.08173902710263,-122.30734765962372,15821.318021841593,299.8034934239875,-650.2185083807367,-1364.1241345431772,1725070519.162601
156.73685194251306,-93.4162275342274,16888.659010920797,154.90174671199375,-691.6092541903683,-1325.0348105569753,1725070519.1685245
150.8715432086889,-6.080001839945098,16426.3295054604,-394.54912664400314,-374.8046270951842,-1290.4154412240832,1725070519.1742654
177.57000550924428,1.3808915595826399,15925.1647527302,-388.77456332200154,-115.40231354759209,-1256.1356573082644,1725070519.1801372
227.43443770723383,-5.7729402097954425,16356.582376365099,-513.3872816610008,397.798843226204,-1235.5305607145076,1725070519.186245
264.1003666816257,-12.34977404150202,15556.29118818255,-386.1936408305004,819.899421613102,-1231.8903020655532,1725070519.1920657
329.76909540388533,-62.49070573898072,15732.145594091275,236.4031795847498,877.949710806551,-1239.4756473361072,1725070519.1978555
384.8894299746487,-6.865195524107662,15668.072797045637,439.7015897923749,807.4748554032756,-1269.1869602504166,1725070519.2039156
378.3944107680638,13.491653231656755,15098.036398522818,507.85079489618744,122.73742770163778,-1296.223445098686,1725070519.2097864
289.3490067305048,-56.132526307079075,14815.018199261409,617.4253974480937,-692.131286149181,-1315.4843823941958,1725070519.215585
243.2898658689267,-114.45204347237208,15527.509099630704,502.71269872404685,-1162.0656430745905,-1330.1210226678295,1725070519.2216816
207.4550195836753,-187.90331837147795,16037.754549815352,567.8563493620234,-880.5328215372953,-1332.9799976188308,1725070519.2276592
169.008678787664,-251.58000587163764,17394.877274907674,537.9281746810117,-91.76641076864763,-1328.6145237148737,1725070519.2334049
161.45912761348725,-250.54048011173583,18643.438637453837,383.96408734050584,437.1167946156762,-1301.8301490110875,1725070519.2392933
99.56732546827651,-335.1812582363472,17595.71931872692,476.9820436702529,629.558397307838,-1252.335876631924,1725070519.245282
79.1957236439067,-389.6861016997723,16507.859659363457,368.49102183512645,545.779198653919,-1199.0587975421395,1725070519.2510197
160.19552564146346,-416.7391917656647,17541.92982968173,521.2455109175633,17.889599326959512,-1131.622048478637,1725070519.2569447
260.94777444661264,-409.7286332398328,17782.964914840864,156.12275545878163,-50.555200336520244,-1064.2682007334024,1725070519.2629325
256.2608366594923,-350.1606215345421,17403.482457420432,176.0613777293908,-219.7776001682601,-1013.3301771054346,1725070519.2686696
265.35262482089166,-336.23429166942105,17711.741228710216,196.0306888646954,161.61119991586995,-954.3585409726567,1725070519.2746048
192.73106980675863,-328.59060486175076,17673.87061435511,-98.4846555676523,918.805599957935,-900.9779653448171,1725070519.2806773
86.59339077882252,-339.3729616886768,16488.935307177555,199.25767221617386,823.4027999789676,-871.0250168587248,1725070519.2864878
185.7027516484883,-357.59861723758905,16694.467653588777,420.12883610808694,783.2013999894838,-857.6146760790633,1725070519.2923744
258.239037130706,-370.9052995975716,15875.233826794389,360.5644180540435,902.600699994742,-845.2874166031489,1725070519.2984688
203.2455034486546,-351.86482946140086,17493.616913397193,310.28220902702174,67.80034999737097,-826.0460051190539,1725070519.304281
121.51554678110787,-315.4801578388245,16444.808456698596,-58.85889548648913,-205.0998250013145,-825.9470855818705,1725070519.310074
72.09952333166797,-287.24760120000207,15830.404228349298,-33.429447743244566,-605.5499125006572,-831.42209288426,1725070519.3161366
82.84059856620941,-319.4088818638599,16763.202114174648,165.78527612837772,-351.2749562503286,-840.7281103199155,1725070519.3219786
101.4533969611895,-345.2127083649901,18417.601057087326,200.39263806418887,234.8625218748357,-848.1856810358892,1725070519.3277364
97.05865898059368,-343.32190980990606,17548.800528543663,-26.303680967905564,951.9312609374178,-855.0705566436026,1725070519.3337355
59.06274161197393,-361.71392744153036,16796.400264271833,-214.15184048395278,606.4656304687089,-863.9372347517001,1725070519.3397067
138.94396099261445,-441.1070896646418,16222.200132135917,-36.57592024197639,171.73281523435446,-873.9447081280961,1725070519.3454573
201.9606791129436,-429.6026695440959,17327.100066067957,-186.2879601209882,-328.63359238282277,-890.2230224353629,1725070519.3513405
305.90774129838064,-381.89569590957416,17575.55003303398,-447.6439800604941,-344.3167961914114,-927.969747974169,1725070519.3573272
378.5302863627688,-380.9583391918423,17885.77501651699,-400.32199003024704,-391.1583980957057,-956.3215256973139,1725070519.363067
383.4906280662312,-397.0403992780858,18358.887508258493,-208.66099501512352,14.920800952147147,-972.7008262575727,1725070519.3689852
435.9850586434224,-432.8045196074541,17961.443754129246,2.669502492438241,530.9604004760736,-978.6036673817149,1725070519.3750262
431.959743057413,-428.019802427872,17512.72187706462,225.83475124621913,880.4802002380368,-974.9673775366342,1725070519.3807693
362.98225898659865,-421.6685783432718,15536.36093853231,168.41737562310956,118.7401001190184,-968.7577388579462,1725070519.3866444
323.07116929201305,-446.30191182838223,15568.180469266155,387.2086878115548,-590.6299499404909,-954.8777343423167,1725070519.3926795
325.03430517977506,-440.9759854372886,17322.090234633077,314.6043439057774,-507.31497497024543,-923.9187972614743,1725070519.398437
313.1265679055072,-385.82070936588246,16087.045117316538,-177.6978280471113,-495.6574874851227,-898.1201838356292,1725070519.404323
309.7782264992562,-330.91056907896325,17677.522558658267,-128.34891402355566,-336.82874374256136,-890.4850156121108,1725070519.4103248
346.4189529580852,-301.1724804137587,18406.761279329134,-122.67445701177783,266.58562812871935,-893.2381927441764,1725070519.4160674
363.2620413969872,-232.4896319651121,18681.380639664567,-327.8372285058889,783.7928140643596,-904.1752464383704,1725070519.4219396
350.56085270482436,-179.512912885638,18416.690319832283,-231.91861425294445,861.8964070321798,-918.960674368099,1725070519.4280126
268.59262011552505,-179.91940356713283,17602.34515991614,-247.45930712647223,382.4482035160899,-940.8720149333242,1725070519.4338343
283.22688576743377,-148.14517479263293,17059.17257995807,-377.2296535632361,22.224101758044952,-975.5240949327384,1725070519.439619
283.9870029574859,-70.97996754957498,17637.586289979037,-301.61482678161804,-315.8879491209775,-1016.1473615023717,1725070519.4456875
257.6965485273415,-1.6808245866216112,17102.79314498952,-290.807413390809,-642.4439745604888,-1053.9728899235058,1725070519.4515235
225.55458454410012,84.92510800917712,17109.39657249476,-55.90370669540451,-101.72198728024438,-1103.8584039557416,1725070519.4573126
182.59118684591908,121.40138478798617,17728.69828624738,342.04814665229776,199.1390063598778,-1148.2663874059426,1725070519.4633706
213.25564850190008,177.21968607348617,17308.34914312369,735.5240733261489,485.0695031799389,-1195.78909609918,1725070519.46919
192.8247084257281,214.59195968022058,14680.174571561845,750.2620366630745,544.0347515899695,-1237.2288557294096,1725070519.4749215
87.84608751126477,171.82909804224403,13800.087285780923,527.1310183315372,-1.98262420501527,-1272.9466722242223,1725070519.480951
7.063416382032187,148.68470580037058,14386.043642890461,329.5655091657686,-890.9913121025077,-1302.4743411554718,1725070519.486905
-5.850169667663819,123.34125981186068,15421.02182144523,-68.71724541711569,-1009.4956560512538,-1319.5210781437654,1725070519.49264
-80.6654554892322,24.962086100321258,17520.510910722616,9.641377291442154,-902.2478280256269,-1318.6000726775683,1725070519.498539
-112.00980061492297,-62.971068746007404,18704.255455361308,142.82068864572108,-729.1239140128134,-1292.5186678261182,1725070519.504516
-193.72938744470096,-87.96477959731011,17126.127727680654,105.41034432286054,100.93804299359329,-1268.0421774605193,1725070519.5102794
-219.77590117145184,-163.95949473602627,16705.063863840325,659.7051721614303,261.46902149679664,-1247.9292207446058,1725070519.516184
-141.39255440372696,-272.9222219879184,18300.531931920163,1027.8525860807151,501.7345107483983,-1232.0788610812933,1725070519.5222726
-67.62253394503121,-290.59571290779843,16864.265965960083,896.9262930403576,978.3672553741992,-1232.466243832453,1725070519.5281193
-64.70413568141942,-263.0819341776906,16036.132982980042,890.4631465201787,398.6836276870996,-1251.5967565604676,1725070519.5338502
-26.25153275801582,-254.10183050093835,15902.06649149002,739.2315732600894,90.8418138435498,-1270.211852255689,1725070519.5398538
-13.12278969445103,-267.2516620611354,16661.03324574501,792.1157866300447,269.4209069217749,-1296.269617151794,1725070519.545747
-47.462417767731544,-253.2604986704722,18144.516622872507,641.0578933150223,364.71045346088744,-1330.4006611818613,1725070519.5514784
-106.59173758120998,-218.33294212747256,17238.258311436253,216.02894665751114,85.85522673044372,-1368.2256894394886,1725070519.55752
-108.29806254678807,-202.41944393247317,16815.129155718125,148.51447332875557,-263.0723866347781,-1404.6863394137388,1725070519.5633802
-129.03212504094472,-183.68951462768078,18303.564577859062,214.25723666437779,-106.53619331738906,-1431.137978974454,1725070519.5691113
-158.53038630073618,-139.8436879817553,17491.78228892953,184.1286183321889,-3.7680966586945317,-1445.9528787197683,1725070519.5751245
-175.37090266554705,-104.60338730277314,15885.891144464766,98.06430916609445,350.11595167065275,-1445.2857552524572,1725070519.5810018
-199.38159244205997,-110.88988554598814,15538.945572232384,64.03215458304723,115.05797583532637,-1426.8014722328937,1725070519.5867376
-153.96038901219384,-109.98193623667163,15149.472786116192,-67.48392270847638,29.528987917663187,-1393.6678890084293,1725070519.592845
-208.27532910176518,-101.10588698710096,15220.736393058096,-316.7419613542382,125.7644939588316,-1349.251644821235,1725070519.5987933
-372.0992373656547,-144.40964154408815,15512.368196529049,-501.87098067711906,-165.6177530205842,-1296.6589389083447,1725070519.6045287
-424.90662075700965,-195.56387622081908,16428.184098264523,-588.9354903385595,190.1911234897079,-1238.4450244258621,1725070519.6104248
-445.711544722845,-214.16271913364324,17132.09204913226,-583.4677451692797,938.595561744854,-1173.417416982335,1725070519.616406
-437.73033224321347,-206.4936827138259,16242.04602456613,-762.7338725846398,1021.297780872427,-1120.908839345364,1725070519.6221573
-434.0370332507721,-211.84705972806387,15483.023012283065,-563.3669362923199,788.6488904362135,-1088.3572682448034,1725070519.6279845
-391.5556932250407,-264.69261131094277,16603.511506141534,-185.68346814615995,66.32444521810675,-1051.1156789215825,1725070519.6340575
-377.1129187120677,-304.16946752195986,16843.755753070767,-466.84173407308,-123.83777739094663,-1013.3332010910782,1725070519.639904
-365.9595359473839,-372.05792785920744,16541.877876535385,-527.42086703654,-356.4188886954733,-984.2374017711728,1725070519.64565
-220.7962414020776,-453.75741876734276,18336.938938267693,-56.21043351827001,-650.2094443477366,-959.1714632721945,1725070519.6516676
-111.13333251095261,-460.5782728676261,19292.469469133845,134.394783240865,-31.10472217386831,-931.0329878013055,1725070519.657572
-107.59939896449093,-468.3930253286494,18060.234734566922,400.6973916204325,437.4476389130658,-904.8879022285221,1725070519.6633272
-130.94229789561018,-522.516477937628,18042.117367283463,500.8486958102162,650.223819456533,-876.6076041993075,1725070519.6693513
-124.81182228936684,-421.5096225954701,17061.05868364173,221.4243479051081,279.1119097282665,-854.604081635023,1725070519.6753793
-113.43830974960315,-299.8288404410874,15588.529341820866,20.212173952554053,-347.94404513586676,-851.8496244971167,1725070519.681149
-97.95060460178838,-240.4082811769985,16010.264670910434,-193.39391302372297,-889.4720225679334,-858.7437377459618,1725070519.687003
-64.97663106794728,-165.37156020109416,16111.132335455217,-372.69695651186146,-1091.2360112839667,-849.6039669069582,1725070519.6930854
-115.07696328291725,-159.13337326451102,16787.566167727608,-200.84847825593073,-1141.1180056419835,-824.5601449559961,1725070519.6988654
-115.52890445030866,-224.4616463516248,19277.783083863804,-56.424239127965365,-294.55900282099174,-792.7508796882997,1725070519.7047722
-33.377603635376786,-251.52340444730294,18298.891541931902,25.787880436017318,1122.2204985895041,-750.2140458639926,1725070519.7107985
62.83370257422368,-308.4985410659552,16071.445770965951,404.39394021800865,1187.610249294752,-703.8955646018536,1725070519.717059
142.18575181846677,-413.206205059849,13715.722885482975,799.6969701090043,787.805124647376,-667.1535750858712,1725070519.7229776
238.1025886452609,-487.1574909443254,14473.861442741487,845.8484850545021,101.90256232368802,-638.3468253492806,1725070519.7289844
169.53205371908388,-498.7771684872152,14336.930721370743,350.92424252725107,-729.548718838156,-612.3600851360678,1725070519.7347312
260.5757012156804,-554.6989661643453,17262.46536068537,456.46212126362553,-1242.7743594190779,-589.3132785580345,1725070519.7406387
349.11209440757216,-553.2367390574148,17611.232680342684,722.2310606318127,-740.3871797095389,-561.6535269315258,1725070519.7466323
334.32443325342973,-565.2630898148229,17823.616340171342,894.1155303159064,-81.69358985476947,-530.1307116931979,1725070519.7523801
419.79455878047776,-667.6716071067352,18027.80817008567,1343.0577651579533,422.15320507261526,-490.9872226783658,1725070519.758348
600.2103570621509,-683.3904589433627,16983.904085042836,1659.0288825789767,789.0766025363076,-460.53110701662973,1725070519.7643025
693.8129719048857,-671.6965143066182,16213.952042521418,1513.0144412894883,778.5383012681539,-428.12943399633326,1725070519.770048
656.7418942790207,-657.4784266348424,15622.976021260709,1191.5072206447442,215.26915063407694,-386.8285664434002,1725070519.7759266
599.6012939153433,-595.9931075298945,16057.488010630354,784.7536103223721,-567.8654246829615,-347.5561117634188,1725070519.7820091
520.1172487591372,-573.6924143658226,17538.744005315177,598.876805161186,-688.4327123414807,-313.68521715957434,1725070519.7878206
581.5580264381176,-598.5282195260037,18227.37200265759,657.938402580593,-838.7163561707404,-283.86917420657693,1725070519.7935765
619.5555286876382,-571.5946529605292,17489.686001328795,626.9692012902965,-195.85817808537018,-257.4009476572435,1725070519.7996376
580.834711123702,-530.1296997220024,16954.843000664398,671.9846006451482,423.07091095731494,-233.37335568837779,1725070519.8054924
487.9373205989955,-501.5653625223077,17039.4215003322,582.4923003225741,941.0354554786575,-211.117185218481,1725070519.8112783
338.2286233628886,-471.0643459592816,15693.7107501661,218.74615016128706,771.5177277393287,-194.76383975564303,1725070519.817341
249.6515570146738,-436.1913104190009,15500.85537508305,-21.12692491935647,102.25886386966437,-187.13839243727244,1725070519.823167
245.64488533650456,-332.88941263217373,18278.427687541523,-351.56346245967825,131.62943193483218,-176.262027619916,1725070519.8289034
241.2806338968681,-202.97027176446502,19501.21384377076,-773.2817312298391,230.31471596741608,-161.24544748100055,1725070519.8349264
314.0133612865124,-140.81445461751736,18456.60692188538,-870.1408656149196,257.15735798370804,-157.8642060233178,1725070519.8408902
451.6522810684993,-164.21179991529024,17718.30346094269,-584.0704328074598,708.0786789918541,-157.0067386089182,1725070519.8466454
581.1000284878736,-200.2810426046927,15505.151730471345,-423.5352164037299,778.539339495927,-150.10241050222245,1725070519.8525584
651.2199691797758,-192.9957742740734,16852.575865235674,-474.76760820186496,813.7696697479635,-151.34950880030422,1725070519.8585331
613.3505198837921,-95.47861117167255,16560.287932617837,-776.3838041009325,831.8848348739817,-161.40961158376814,1725070519.8642938
499.6960545111083,-80.49121054541224,15944.143966308919,-1107.6919020504663,-347.05758256300913,-177.59450053600315,1725070519.8702047
414.0439923853239,-184.98314341528135,15960.07198315446,-828.3459510252331,-911.5287912815046,-195.97092936400992,1725070519.8763049
345.896090910067,-239.8224494071818,17272.035991577228,-848.6729755126166,-723.2643956407524,-207.5683080778561,1725070519.8821707
259.23003505182663,-178.26882564348955,19020.017995788614,-988.8364877563083,-28.132197820376177,-223.91798330216085,1725070519.8879004
222.90942711027972,-163.81948357940894,19984.008997894307,-637.9182438781542,553.4339010898119,-224.75547142420777,1725070519.8939118
244.1979600693546,-144.1634053885747,19050.004498947153,-530.459121939077,289.21695054490596,-219.53364247356834,1725070519.8998125
348.5646983471099,-155.61921908494864,18777.002249473575,-238.2295609695385,366.108475272453,-209.34546608291527,1725070519.9055474
411.16750748483173,-148.644380106072,18536.501124736787,-191.61478048476926,-123.4457623637735,-197.5851522646617,1725070519.9115615
431.35022048958865,-81.53410525427387,18258.250562368394,-273.8073902423846,-499.22288118188675,-180.63127306029722,1725070519.91743
419.7753096146894,-47.10268511363973,16607.1252811842,-309.4036951211923,-451.6114405909434,-160.5644369196106,1725070519.923168
397.6168361407261,-46.21653460850332,16495.5626405921,-167.20184756059615,-384.3057202954717,-139.18748601690504,1725070519.9291105
450.6775584177429,-92.13114493650393,16425.78132029605,202.89907621970193,149.34713985226415,-98.92417124834267,1725070519.935131
512.9873382321576,-83.79017453856751,15906.890660148025,726.949538109851,580.6735699261321,-63.87403161482756,1725070519.9408782
534.2826670497125,-62.14290090323121,15685.445330074013,863.9747690549254,493.83678496306607,-43.17065304275931,1725070519.9467335
575.3903780447903,-53.19818927242016,15276.722665037007,603.4873845274627,617.418392481533,-13.676629716469773,1725070519.9527721
565.1000684827115,-38.05978617565427,14672.361332518503,252.24369226373136,67.20919624076652,9.592747672522886,1725070519.9585264
532.0447974366576,-64.59660836865723,15778.180666259252,-1.8781538681343193,-356.89540187961677,27.84517611549089,1725070519.9643717
550.9516934990266,-59.64225062154086,16769.090333129625,-107.93907693406716,-347.9477009398084,44.14867963289516,1725070519.9704618
553.2774982107426,-56.46647941617261,16862.545166564814,-41.96953846703358,-0.9738504699041926,48.47392756925238,1725070519.9763935
493.0085688616369,-63.56869737603783,17411.272583282407,345.0152307664832,451.5130747650479,56.40116102394701,1725070519.9821546
451.99468400675994,-106.3744887461256,17699.636291641204,664.0076153832416,1280.256537382524,74.33252203167392,1725070519.9881349
344.7822884409736,-111.55001066886358,17365.8181458206,508.5038076916208,1155.6282686912618,88.80289708317616,1725070519.9940822
292.6234214410118,-157.09972824622204,17012.9090729103,507.7519038458104,488.3141343456309,115.1451964301563,1725070519.9998264
276.79538416158294,-185.8365678775223,16900.454536455152,561.8759519229052,-189.84293282718454,144.32170895713227,1725070520.0057878
276.8258495692162,-176.68185929369636,17164.227268227576,410.4379759614526,-413.42146641359227,158.88626858071984,1725070520.0117595
306.0988297928857,-136.16977437209107,16950.11363411379,582.7189879807263,-266.71073320679614,151.0698057609929,1725070520.017499
343.78542928364595,-100.71002552784424,17523.056817056895,743.8594939903631,77.14463339660193,136.82847070335262,1725070520.0232306
244.03306294013282,-63.895700475234406,17157.528408528447,621.9297469951816,211.57231669830097,118.69294907046546,1725070520.029271
108.91159906008701,-110.97817631163464,16532.764204264226,694.9648734975908,40.28615834915048,101.94111941448283,1725070520.0351503
51.919715146323725,-150.21214158987328,17308.382102132113,650.9824367487954,-12.356920825424758,88.27676833026378,1725070520.0408828
-14.194700926497461,-141.2228672357449,17542.191051066056,380.9912183743977,-481.67846041271235,71.9505349805178,1725070520.0469248
-83.19442710329426,-115.59938712846628,17625.095525533026,370.99560918719885,-810.8392302063562,62.140601310155006,1725070520.052788
-149.0762800348093,-116.96240637009485,15606.547762766513,157.49780459359943,-1116.919615103178,48.04035213790995,1725070520.0586033
-144.96804069143232,-129.1385535066206,17541.273881383255,120.24890229679971,-819.959807551589,34.38189432505715,1725070520.0646684
-125.5602909526753,-114.9976132186644,17276.636940691627,241.12445114839986,-656.4799037757946,17.672827573588837,1725070520.0705252
-75.61131885339185,-72.11942694018002,15820.318470345814,285.06222557419994,-431.7399518878973,-13.272151146130941,1725070520.0762691
-108.0132203725046,-78.01727486847253,15414.159235172907,185.03111278709997,-281.36997594394865,-42.90792664912044,1725070520.0821588
-209.42635700064994,-89.72172862275663,15499.079617586453,30.015556393549986,-506.18498797197435,-64.64407389221012,1725070520.0881755
-315.74107628566964,-79.90563555274075,15825.539808793226,-453.992221803225,-931.5924939859872,-64.55469723400316,1725070520.0939283
-344.44867720659187,-96.01593791281496,17458.769904396613,-666.4961109016125,-886.7962469929936,-39.66027247834374,1725070520.1001656
-325.83425923123747,-32.1506437835849,18365.384952198307,-1074.7480554508063,-784.8981234964967,-15.476269095464463,1725070520.106474
-176.7305212138096,-23.414905748458136,18712.692476099153,-993.8740277254032,-645.9490617482484,1.6712543370703372,1725070520.1122632
-54.25344264061518,-28.622350962249207,18472.346238049577,-639.4370138627016,197.02546912587582,24.902873412366347,1725070520.1182492
-7.6747780131020065,44.199894242314095,17216.17311902479,-779.2185069313508,636.5127345629379,44.78815436792481,1725070520.1243463
59.99490178998,108.9096281248373,17270.086559512394,-564.6092534656755,641.756367281469,58.598886405276765,1725070520.1301672
78.05495796897941,190.27193396161323,16491.043279756195,-440.30462673283773,604.8781836407345,52.35753073055042,1725070520.1359618
62.72753567759199,209.28200112558974,15867.521639878098,-313.15231336641887,184.43909182036725,27.019658041047368,1725070520.1420398
-0.6508476603242173,190.235666629199,16195.760819939049,-82.07615668320943,170.21954591018363,-0.378506137639846,1725070520.1478865
-22.63590698987352,191.9757975325652,17571.880409969526,-309.0380783416047,291.1097729550918,-13.6125857264877,1725070520.1536806
-34.16965150014187,149.95803431733233,17893.940204984763,-329.01903917080233,497.0548864775459,-29.083536239311684,1725070520.1597548
1.6189599310249534,104.02926400629602,18332.97010249238,-100.50951958540116,788.527443238773,-47.351505080155775,1725070520.1656182
130.7424767964384,67.26698543730464,18896.485051246193,-200.75475979270058,1127.2637216193866,-71.53332592902014,1725070520.1713579
212.0525951675359,27.83923329615193,17300.242525623096,-198.8773798963503,1072.6318608096933,-93.72102640280141,1725070520.1772752
176.5429027655648,24.657522592410036,16982.121262811546,-204.43868994817515,636.3159304048467,-119.56358071980179,1725070520.1832623
15.48078204637929,7.58623663561562,17145.060631405773,63.780655025912424,61.15796520242333,-155.86627190169492,1725070520.1889966
29.008356954551836,0.0724754773446783,17942.530315702887,334.3903275129562,-22.921017398788337,-193.93825234580976,1725070520.194911
64.56950552799469,-1.8084804903441183,17257.26515785144,414.6951637564781,-8.960508699394168,-233.1878017903527,1725070520.2008872
65.4116294730081,-66.30717751816972,17380.63257892572,555.347581878239,188.01974565030292,-263.01770412362134,1725070520.2067492
93.31172475852367,-108.1258137746517,17758.316289462862,611.6737909391195,453.00987282515143,-284.0754609694309,1725070520.2126832
107.01388541376947,-152.72387956727317,17353.15814473143,670.3368954695597,144.50493641257572,-292.79062970771804,1725070520.2186391
73.30769206788379,-206.35126173990426,16742.579072365716,520.1684477347799,52.75246820628786,-296.7912198311028,1725070520.2243762
-1.7429031507435297,-260.3716962584328,16033.289536182858,368.08422386738994,-135.12376589685607,-316.4470899496121,1725070520.2302759
46.191719906487215,-304.20037400204956,17444.644768091428,197.54211193369497,-411.56188294842804,-339.49249212882165,1725070520.236365
99.7368729862686,-275.69712245591097,18324.322384045714,-150.22894403315252,-305.28094147421405,-369.5865318870105,1725070520.2423434
57.958529391206575,-266.4303341088157,17606.161192022857,-389.11447201657626,-606.1404707371071,-397.7284213359873,1725070520.2482526
60.84201800690215,-344.11978126355893,16065.080596011428,157.94276399171187,-660.0702353685535,-434.5879532111209,1725070520.2543702
65.15056555447873,-389.1566983350551,16372.540298005715,426.47138199585595,-821.0351176842768,-472.2116698951766,1725070520.2601912
125.83239225333843,-381.321097936354,17918.270149002856,325.735690997928,-566.5175588421384,-495.88272867720525,1725070520.2660415
